83,35
39,4
37,8
37,3
37,7
37,6
39,1
39,3
37,13
37,11
36,11
35,116
35,115
35,114
35,113
35,112
35,111
35,110
35,108
35,107
35,106
35,105
35,104
35,103
35,102
35,101
35,100
35,99
35,98
35,97
35,96
35,95
35,94
35,93
35,92
35,91
35,90
35,89
35,88
35,87
35,86
35,85
35,83
35,82
35,81
36,10
35,118
14,6
27,3
27,5
27,1
27,4
35,80
35,79
35,78
35,77
35,76
35,75
35,73
35,72
35,71
35,70
35,69
35,67
35,66
35,65
36,7
35,64
35,7
33,8
33,7
33,1
20,3
20,2
20,1
19,3
19,2
19,1
18,3
18,1
12,3
12,2
12,1
11,27
11,26
11,25
11,24
11,23
11,22
11,20
11,19
35,84
11,18
11,17
11,16
13,1
11,15
13,3
11,14
11,13
11,12
11,11
35,68
11,10
11,9
37,4
11,8
11,7
35,34
11,6
11,5
11,4
35,5
11,3
11,2
11,1
54,1
10,296
54,5
10,276
54,3
10,274
10,252
10,250
10,239
35,6
10,237
35,1
10,231
35,109
10,216
35,3
10,160
35,4
10,99
10,10
10,8
10,3
31,3
10,2
